stiepici score =  35665.544783599355  : 988.9921048817127 140.69804381850153 -980.3640718049007 2278.8763693641367 721.5106740938527 2648.705821762459 371.69670743670827 1509.7107695088134 2481.619973037951 1447.111289184253 2130.4734154988414 2304.867554473047 1321.541597569766 2773.1005373853263 2106.167410421257 -24.333282359119785 1832.7217841795725 -371.5762365566605 340.7717870844473 445.2339785393408 1872.7580934701539 2349.8685188134796 1945.9812499411241 1820.4553384077624 669.8818250182001 -2401.917010938209 2356.736804918125 1858.4652656411924 1677.7665768648203 2528.0560162405254 -571.4776841516756 -2908.556438145456 

ciernasmrt score =  71705.56629700979  : 5496.793061098622 3484.72048937234 373.1042261291906 -42.77015982780546 1606.800761835382 7661.1198617315995 741.9711707626622 2463.314965935005 4340.44987836429 2989.7586192550234 -12.746094537008748 473.7029977896836 1713.6885997687236 2863.5235277105 1457.9491989118474 949.3769984100038 3083.577662818898 2334.5775556093827 321.35020395196716 1666.6633293641223 2985.3463256058367 2405.9388328562964 900.4797676141544 7403.430588962669 2909.9260037755657 -2103.9980907705203 2583.122749623239 2086.1211962333605 39.83024689198486 3569.5598865592688 1417.485778998256 3541.3961562052414 

vychodnare score =  47268.30612001146  : 3839.2309278645757 2046.6922683101836 808.3012305707675 2375.538007821621 2138.4558319727403 2177.0379107672243 2222.3343788916736 2846.054038146224 4327.027422397023 -1087.8067997467072 1539.9827606451163 1225.802623880236 1238.1073723004827 633.0947880236336 1333.3873103878477 -190.10274051182927 2346.605735014492 158.51024071573678 328.2274676304762 130.07044611947032 1844.6852812868156 1557.7353185414734 1569.9635838319145 815.53264775542 2327.997217144731 180.67434732162818 1555.4529937454745 479.548500836434 900.5203237178996 2190.950003969435 895.8558940778363 2512.838786581412 


summary 
stiepici score =  35665.544783599355
ciernasmrt score =  71705.56629700979
vychodnare score =  47268.30612001146
