stiepici score =  30909.781892439478  : 1722.3468095988726 1688.0321080180427 1730.4953484721348 -1463.7900168767944 610.8864178687902 2201.542104132974 2483.5457690142675 1417.315931221425 1874.6131510921284 109.93428180006978 576.8520028496437 -1238.813088333783 2229.191353260619 677.0638047962881 268.74327998109055 1927.0185017760666 659.9010817206515 1873.9959950255159 845.3416208757393 2385.708119608016 1543.8063239176843 1866.5930383700083 1202.6231008192829 735.2706296453447 198.98803976238526 1276.144335706052 735.8335963010288 987.3878260728586 420.6156966957571 -2327.183331530717 -297.84447015733264 1987.6225309353651 

ciernasmrt score =  72088.8566570899  : 860.4456327209182 1634.3326560378932 2931.6492528898907 2450.2462142024447 1033.0879970602448 -912.0115978885351 2507.625723644362 3460.3025906678276 3502.8052532665283 3230.259245885211 451.8771896159608 160.27158893787782 2753.498601976158 257.59805952789685 2546.374637800381 3053.8671544890526 1605.423425624119 3379.5959049566263 3642.964088133069 3625.7797849885337 2758.984005301715 1347.4243955757893 2860.8103879669143 857.0568923909217 3441.9240560842613 699.4022885681633 2303.875498669098 2475.9655360629463 3330.6220379663982 3292.47175931579 3089.926460088333 3454.399934563108 

agentssmiths score =  17541.794461167683  : 492.3112175479061 -1202.7506180870414 77.40731022218546 743.4441474991818 372.2354782783745 1017.6931257070112 1831.0395118324445 1116.6313542989549 351.1901057273355 446.34913123141695 625.9937283718186 1105.6097453795926 521.7908112313471 533.7285860171698 267.0354067775356 648.8383907179514 842.0452507823976 -216.80596652853168 601.05095316811 1642.469509009673 407.72699566368095 160.54675491751834 2060.2492100143877 1393.7077464723873 2214.642129857045 225.85107023462754 365.10931450516733 468.88537286312015 -659.7675530692287 255.36424595742795 -73.71695382836974 -1094.1110516049166 

komin_sparta score =  19114.96583748366  : -441.4702839870009 -1004.6256774823705 1020.2895489563625 393.2664420506401 -667.7807597365925 718.4532510322719 666.6441383777842 -595.3153498255446 802.5611338658339 -118.57304429743364 -186.3135400407138 -11.55710826053584 1697.855676500384 1093.950938985058 -1060.1948369363852 2786.9065012234396 3000.1478877950362 329.7123442980622 1899.6515162247467 2583.577813282957 859.596799304122 -1627.2231235985066 1430.288754398721 1346.388643401725 652.7512642797777 1016.1854043272806 1180.64132980801 1122.1668091133995 -530.2158312811301 1300.0237606541539 -252.1682871257495 -290.656277824134 

drevorubaci score =  6187.029369955057  : 50.6783815307588 -489.19139705889154 153.58210504599091 -438.4523579832519 -1063.9056820214425 -1306.1544998520246 -304.5197995124326 821.7244373117965 -436.7535601258852 482.08520378289353 658.8345110862396 1101.0636872650962 513.2982606071877 1251.7794196294417 819.690539611451 367.68607651333105 -203.3213589582043 -999.5331724565795 2126.000940170596 663.224284966561 836.9898939704831 1291.9663671451133 -116.91829678094913 8.571369080197808 248.056960600932 512.4119495406486 -455.25895280777485 -258.0822374429636 -566.4285912798487 514.7829529276172 -446.3480858521767 849.4700213011479 

vychodnare score =  30883.012715785033  : 1141.2452896955513 1427.802498836846 -634.2403504165397 1029.0114391002164 -539.8420597365579 512.917310531277 2487.167005714575 617.8674085365813 2681.159477370985 751.0840911157883 2034.5638453997453 -505.5127971954582 1497.102074077674 1634.7392538947622 -99.15441649924337 -188.0708358147653 1261.2097529639545 1478.8841810855195 656.3120813799623 3399.473062905774 1462.467633584405 800.2862200622388 2098.37643123638 783.3382916327578 2710.282347228597 727.8769906569046 725.0614670244645 1025.1921221204266 -268.79287264106847 831.9036615624325 -238.52365483098833 -418.1742347981657 

spectators score =  9341.648706398144  : 81.83303957646771 -870.9431521988739 211.75317632425913 -115.19912391807985 421.887065860706 -189.37146240692087 662.156772485395 318.9478385509261 541.4559064931813 471.62965256087756 658.7233217658014 1096.1940866084929 500.6530446039853 1348.049447476024 844.2689228653145 355.4399518700361 -379.36301514428436 -238.4476921400824 582.7346942053196 302.40334706187446 464.1080029142373 470.637786142671 -117.19901349252788 787.4360030717778 772.7473003176354 184.18402358838077 341.1095560405453 524.3957410796341 -618.7247546941784 500.9836974399916 -342.0379975053391 -230.79746100510303 


summary 
stiepici score =  30909.781892439478
ciernasmrt score =  72088.8566570899
agentssmiths score =  17541.794461167683
komin_sparta score =  19114.96583748366
drevorubaci score =  6187.029369955057
vychodnare score =  30883.012715785033
spectators score =  9341.648706398144
