net1a score =  21510.8951528  : -951.506469678 20.4081029094 -787.825919535 1368.32481325 4445.84495004 5511.28660444 752.237929124 837.940760028 -800.015757609 88.8587591445 801.412515599 235.125370176 3200.4860562 899.672896844 -346.222139674 202.733797769 -625.674264469 40.5932653606 2811.46051995 148.884061439 97.8291576423 -1174.73543295 2726.97342812 613.293888755 -1748.29558978 1869.51231606 421.901777933 412.722420255 769.13229529 1349.32193572 -1665.08919008 -15.6977054335 

net1b score =  16958.9055472  : -834.488814304 1076.76231501 820.592073603 5.81693075955 -368.97818927 -732.312482686 111.217677639 1172.7107862 1332.05145118 803.933919055 2141.56963881 505.949308763 496.221166521 544.047422073 567.912159045 2406.36112752 2889.93968238 1308.32913297 931.570469732 -229.874977168 -256.021782936 -490.211562445 -2165.64921291 713.369511631 298.743649156 73.7968300495 308.754454942 23.5260453187 2549.64042892 1616.16918214 -508.059696829 -154.483097683 

net1c score =  26936.4048193  : 569.741810999 -22.2741698608 357.167540034 850.197398418 451.209429851 570.026492505 1403.03000291 37.1078568967 6424.70988659 -2174.81467948 592.06943642 930.146893927 -895.057578528 1730.5266432 1210.47655592 1165.92685374 2080.4654742 1073.07858223 1193.62738618 392.76876854 250.401468189 -469.408668326 1552.89156449 2549.92669427 45.5538264155 318.291249055 788.109273264 1554.37673994 -176.894781759 802.457590232 246.389554232 1534.17972464 

net1d score =  6873.4415946  : -192.500586283 -1999.9316241 -466.501501368 2159.60994977 -544.797205579 -1685.0033943 248.774784988 363.387808009 449.322779951 345.186494706 -592.724787756 173.801832908 -1542.48600995 789.429034812 -325.189440468 520.655200074 368.500807749 618.108913588 -942.768522162 731.847724138 1368.72262358 -1651.00607702 1921.35106547 962.51171885 405.663923937 -958.589291666 659.059241494 3071.49786292 -1221.88852448 582.276561397 -100.745995506 3357.86622691 


summary 
net1a score =  21510.8951528
net1b score =  16958.9055472
net1c score =  26936.4048193
net1d score =  6873.4415946
