net0a score =  9842.12345325  : -299.181988791 445.325116414 333.265110656 1400.09772444 -1239.52428008 618.047041661 -659.613136035 1032.79348378 726.487343077 -67.0489210798 -1120.70757548 776.548171403 925.131574803 970.914676494 237.267680216 686.292175384 542.4685129 -208.128587154 9.16498108442 -778.247877923 727.819423775 -166.451440271 68.5028113994 -852.22788836 -190.216872771 1228.46570188 -185.038997793 1237.70029831 -438.181474407 1286.60695932 360.140535339 2433.65317105 

net0b score =  9690.72796796  : 162.326199924 250.751807137 -444.350045413 6337.30820087 -713.057340727 350.467764257 -225.496558145 903.558280455 -569.837256209 1907.51589932 330.29670606 495.839159844 819.34851137 -36.9086891083 -238.384989119 -562.963498688 -170.101858206 932.413118576 626.42354225 -1215.83162554 1135.97106815 -1195.67718301 -386.165576719 998.559035595 -27.2734032605 29.3204288782 -843.737753914 -423.369966203 -1397.33235769 1696.17751057 342.905248412 822.033588248 

net0c score =  10015.2852761  : -1425.36150285 1076.93890442 -553.431757365 1418.010773 -1699.27642115 -755.3500971 575.126349193 215.011132902 3049.36547349 36.2704771509 2348.01465375 -355.575161251 1256.41572667 2430.18655356 -348.732980192 1243.71421062 1135.99252059 2393.70988005 -964.909369031 617.880182046 962.086806382 -51.8061183586 -2486.14023361 -936.698433749 -3589.20629567 -66.7964651603 44.8696060913 2161.03526766 -744.696034065 1327.42964161 793.971941925 907.23604451 

net0d score =  7197.92444583  : 1343.13926501 569.107072131 -289.542290545 1370.30075105 -1447.70777944 -266.622261987 617.30065838 466.22332323 402.980210719 896.362125347 423.024659379 1540.19298322 -771.343207612 1131.58141285 1762.81735145 727.351571136 -829.561111386 1436.3449071 -502.056573608 1451.8286773 824.46530203 596.583666563 345.939522102 -155.718126501 -2863.04295374 1067.47937311 -1724.73178417 411.437785648 -859.179886209 585.830355992 -974.439863691 -88.4206890282 


summary 
net0a score =  9842.12345325
net0b score =  9690.72796796
net0c score =  10015.2852761
net0d score =  7197.92444583
