net2a score =  19534.0852511  : -331.842052828 179.973585514 -15.7405599342 1508.91564698 765.022337842 819.347561849 1391.02931619 931.760978528 1268.97262745 1564.12146326 -772.606791201 1530.31230644 -409.771868484 812.691948237 1736.06204245 722.534871683 1251.64411223 1280.68052461 536.132763253 1593.13962256 560.70359069 -104.842814243 134.176741185 47.3708058585 871.218705813 -340.905103285 -191.290819959 -479.066480032 -454.611642943 925.378302693 1554.97363476 648.599893902 

net2b score =  14743.6857829  : 1847.10437985 1198.52647845 -304.460989507 1841.81627669 182.878514512 931.000563035 53.5451930002 -547.862391897 1583.45761837 -939.52956835 2599.85999926 -887.333148159 1563.27922583 507.008711895 -267.793476196 1362.12505695 265.750139374 77.4558780815 -53.9993496105 -217.713277177 1322.91330903 -722.300286343 302.674140747 85.6554160178 141.367244192 64.8439676102 -217.551152995 496.677997854 686.279980106 1787.44758047 1046.85708809 -1046.29533625 

net2c score =  25140.3661245  : 194.126984389 439.951980957 1206.99805526 258.760156033 1120.48189485 1831.99980819 569.479556747 -53.4508189341 327.997577969 1173.10247331 1351.85985195 1040.95419872 -26.540374265 845.296361149 -4.69022908967 1792.64274043 1517.94190106 1068.55430812 143.355418184 24.8570267483 1308.74696829 877.225489255 2269.91030522 1276.54872306 -1446.31687759 572.723714472 585.281330164 1590.29639246 -533.149077914 1441.09813636 260.930494092 2113.39165487 

net2d score =  7177.08905061  : -387.044222948 152.258104668 819.400231926 733.061076314 405.311506583 1020.16553882 -263.399161602 -788.564141135 1025.84339352 1303.27582366 245.523560522 1753.94875792 1169.59157554 915.91757271 -350.667927982 -871.716127809 1113.44554267 1043.06115935 -8.6881640632 -986.67090147 384.762421743 464.860065049 467.665854752 -789.387645629 -0.27898152212 359.183527626 -643.281066512 212.083105597 -324.919175687 -726.35210496 -508.565063621 237.264916585 


summary 
net2a score =  19534.0852511
net2b score =  14743.6857829
net2c score =  25140.3661245
net2d score =  7177.08905061
